6098
7513
3056
6762
8893
36
9767
7508
2910
4955
1930
7593
4807
675
7206
9164
2530
8493
193
7548
7282
3293
7749
9861
6034
2898
513
6695
4143
626
2171
2774
5967
2489
2578
8564
5103
7816
9235
4176
1171
975
2661
5954
511
7338
6238
6773
8567
7653
9504
1106
5837
6767
145
4889
6092
2892
3321
7054
6826
7593
6878
2577
4276
2266
693
3644
7988
8831
5978
4746
3214
4649
1821
5687
1385
7490
4962
1509
1990
5017
2005
7146
4836
2919
4722
259
3471
8851
849
7915
8123
4122
2993
1626
6446
9062
2399
391
8767
4162
9274
3903
5520
296
547
8413
9764
113
971
8920
981
6137
1853
7212
7514
6703
8157
6914
4967
7446
1502
3111
8442
7442
6170
4793
3919
8215
3335
3478
8350
8760
1383
6264
8519
7131
4720
8889
1975
1134
8507
2092
6789
8238
3005
4485
2635
7290
9275
3685
7571
267
4238
4571
3566
7197
351
8299
6122
6583
6255
6671
5554
3141
8381
5759
830
2567
210
1032
31
8112
8110
5677
2107
9543
8874
4142
9594
666
6729
2529
7870
4372
6963
1299
2463
5652
3219
1180
2500
4460
682
3514
3743
1001
6914
2252
1517
2698
426
5596
8216
5301
7825
7888
5156
6850
3320
7300
5794
4804
7963
2245
967
6128
5172
3131
1109
3117
402
7232
928
9533
9815
4740
689
8584
1399
9968
9455
9085
6880
988
4723
4597
6269
8837
5910
9887
6022
1519
4897
882
7192
3052
2190
2696
5286
9311
9808
4448
8500
8118
9132
9180
5869
6462
4310
365
1056
2801
3154
9146
1146
702
9925
2070
7432
4099
7697
1329
8395
8824
4267
3165
2342
1766
4621
8621
8800
2869
6789
3707
7417
3253
7832
4032
1741
9257
4930
9350
4822
3747
3339
1149
6172
6636
3606
2030
7210
9335
9901
5125
2945
237
3499
19
1666
8833
6597
8524
6554
4561
7423
2228
1864
9676
344
9406
8740
8428
554
1888
3643
3575
6662
7027
8462
7767
5931
3697
5327
6091
91
2953
7424
8725
3956
3198
6955
8018
5218
1392
8501
9186
211
4543
5735
9046
918
8275
8147
1875
6957
5243
328
8229
9514
6369
5212
5196
3264
5831
2130
4600
7107
9543
618
9779
1878
1048
6273
6231
5492
8005
4360
257
1535
6683
7876
4255
5548
7961
3854
3624
5683
3608
573
4225
8057
9870
4039
1990
689
295
7919
6823
2485
5531
203
5847
4907
4113
7301
3898
9524
5195
4795
3507
8676
6481
2597
2562
9322
8159
7906
5842
8554
1777
7626
5837
9611
4605
9126
1294
4524
3852
1211
388
6716
8919
1421
8986
5108
3982
6695
6453
9178
8511
21
8606
4748
4022
7888
6066
9201
7719
1894
9020
6926
1295
3803
3621
7957
3029
3677
4421
318
6748
7867
1823
8898
4041
9129
5346
3470
1372
8240
4057
1898
6685
470
5301
2651
7284
6448
8982
35
508
2544
2850
7398
8821
8594
8663
95
2868
2772
9019
5023
2720
7016
8669
458
6139
2205
779
9178
3868
9900
2885
3663
7002
1604
2617
4814
985
4039
9771
8246
1080
9449
6023
9572
303
612
151
2080
2167
5182
6756
2494
2232
1090
2594
7640
2421
1348
5761
5183
5454
7938
458
7119
1626
2748
8722
9014
7794
5074
7031
8192
2902
3952
6615
1456
1609
9204
3221
8431
3361
8987
1068
1067
1028
1224
1279
9659
6908
3078
4486
8667
8702
5565
6627
2502
3558
8941
7759
6968
5048
8483
2403
9778
2567
82
1967
7607
5498
5914
529
3213
902
4479
7736
5768
1707
9158
3262
6583
935
3007
3783
9213
419
5064
7208
6807
1452
6652
1796
5611
45
5732
6506
5413
2083
5202
5920
4745
5950
8005
3841
5561
1896
5817
5671
7060
5362
4348
1164
5420
2727
6692
8524
1188
6266
6799
1892
4707
5355
4527
1637
4611
2139
5282
6517
6300
6844
6952
7965
4953
7084
534
6948
3285
8789
8709
7545
1868
6064
9891
7188
4980
9025
5545
1581
9256
2111
3864
2800
4989
5909
4187
5696
8107
9618
6423
639
2789
9100
3061
4957
2089
4253
1306
3780
614
8204
7934
890
2243
5032
4667
210
9057
3930
9588
1963
6216
5390
1114
9531
7508
8422
1822
9214
5005
8576
9520
2049
700
3771
4495
6066
4309
4229
7838
6262
7630
5968
9728
6845
4848
3671
4483
5846
3233
7424
1171
1956
6514
8233
7046
4242
800
3600
2987
440
5055
625
3916
5041
7052
44
5895
7162
9263
2813
1781
7294
2670
5846
4708
50
4676
208
9363
315
629
293
2655
3061
6779
4061
4244
4948
2784
5200
9997
1844
691
1902
9474
2682
474
8420
6938
5442
700
3655
4375
8323
6525
3995
6935
6389
9504
7635
4693
661
534
9801
3597
5788
958
2123
7210
5592
8849
3423
7466
2383
2022
6523
5187
1534
2509
4277
9009
5441
1400
5113
9667
3196
9568
3174
9184
7287
7680
5378
2050
2399
5161
3292
7042
2425
8278
3043
4388
93
1051
1071
4995
6173
953
9961
3040
2480
7283
904
1665
1342
9801
2472
1892
9253
1455
1696
2612
3958
6529
6254
3839
4768
3654
4448
9029
2081
9334
3783
8775
3169
1950
6974
7582
8546
8223
2218
5514
292
496
9814
1010
9366
7244
6163
9783
4749
607
7215
3894
8611
3428
125
5286
2746
202
4814
2758
5655
6618
5413
4690
3102
3088
214
9136
2564
7863
895
7889
7415
8221
4848
6443
6741
4365
3932
4425
8994
4641
5105
3568
5608
804
7035
3804
2176
754
9796
2327
6099
763
4913
7424
8579
6842
501
4412
714
3197
7133
6521
5347
8761
3179
2747
9703
7523
7351
2269
1857
6859
8793
7608
115
2605
4179
7766
3822
1661
428
6579
519
9088
9204
3450
1355
3351
7852
8172
3799
7405
5849
4603
9024
8473
6692
9276
8441
4152
8608
7978
3952
929
4533
7696
6254
3166
6261
7689
2763
1177
8478
7340
276
5096
1111
189
3779
3461
3290
473
5206
4985
7712
4019
5023
3204
6030
492
3492
1596
3276
7264
6587
349
9227
1239
-8720
-2429
2312
-9006
-6530
-4954
8984
-7234
877
-8115
-2142
-2921
-6771
-7397
-6401
-7912
-9158
7634
6270
8444
4826
-8845
-4589
-7018
6098
1697
-1724
-8096
-7142
-7949
9430
-8649
6542
-4425
-6673
8542
-2330
2688
4486
-2270
-6319
-6635
-5487
-9732
-147
-7966
2286
-1146
-5949
-6243
9312
9234
9859
-5272
-7332
2486
-4666
1899
-4930
-9626
7782
-3979
-4778
-6611
-6140
3364
-9861
-9903
-9575
-928
3801
-6509
6856
1909
-4041
-7863
8967
9566
-1854
6484
323
-9982
2002
1547
1333
-3113
-2425
5136
-6641
-693
-1342
-7413
-8232
3320
-2771
4399
-3886
4824
-8091
-1805
3401
819
-2514
-2810
-4797
-2805
9476
2250
1954
-9867
-9542
-1116
5077
-3891
-5614
-6518
7154
2284
-5426
1687
6151
-7364
-6333
1052
-7289
-3402
3408
-1576
5819
-5485
-9451
6307
-9800
2723
-6
96
-7495
1877
-3037
3443
2643
5891
-5358
-740
2085
-4731
-4681
880
2344
-5797
4364
-3885
-9408
-8394
-5455
-252
-8678
9653
-9790
4726
-7672
-2593
-9083
2764
-3675
24
1375
-5770
-3599
2374
4915
-3343
-8048
1833
-7057
5325
2731
7793
9333
5022
-4582
2964
-7856
-6712
-4984
-9451
8110
-6403
2613
4486
-3605
-77
-928
9394
-2743
258
8854
-5003
-7597
9722
5983
786
2785
-3398
7
5519
-2981
4736
-3312
-711
-6657
1015
-662
6837
9145
-3414
6203
2181
5370
-3997
578
-6832
-1156
-1063
-432
-5907
-2267
349
-479
-2175
4311
8424
-5393
9223
5668
149
7791
-2462
244
-2051
5140
4568
-1209
-8324
393
5252
7132
-2659
9201
6057
-8613
-70
6980
-684
-1098
-7935
-9027
-5889
6876
6343
5726
-4013
7351
1452
7683
-7017
9014
-7316
1112
-9978
9268
-1559
9374
9727
5514
2566
-4652
-3213
-6009
4755
-9147
5067
-2375
146
-1841
8982
-7369
-2861
4014
3459
-1642
-6875
-9155
5350
3946
2786
-7096
1144
9728
-5721
58
-1555
9482
8134
793
7566
7752
-9253
-5923
-3764
-7347
-2869
5774
-3776
-8063
-9148
9336
-1769
7263
-4375
1826
434
5344
7354
-5564
6485
-2938
2248
-9276
7029
9584
4300
-4643
-2532
2550
-2493
-4517
-1020
3399
-9300
-6558
-2416
-1272
7296
9458
-6381
9853
9328
-8886
-1733
3245
513
1309
7240
5131
1881
-8299
10
-4940
-2684
-9136
4812
-7147
7516
-5962
-8304
-8352
820
-4996
-1244
-2676
2132
2171
7524
481
6932
-5169
-1880
-7517
8068
8602
-3098
8362
907
-439
-6057
9679
3653
7624
-7956
2532
-2928
1869
-1658
-1004
9629
9367
5031
2567
8433
-6991
-5794
-574
5161
9371
8055
8075
-6909
-4361
6951
6315
-9187
342
8544
88
9591
-8915
9588
-6648
-8532
-8190
-9960
8758
9314
4075
-6291
-9766
-944
-3435
-4684
2139
-622
1172
-1680
-1094
6618
-3467
9546
1020
-9026
-4508
-5487
4785
-5499
9420
893
9950
-3479
-2048
-6208
5178
-5963
-7519
1246
3351
2894
4908
-1533
9813
6352
-7533
-7063
9411
1950
7525
-5923
1199
-7072
2305
-6211
5156
-3919
1697
-5403
-7529
7985
648
-5102
7447
-6447
4295
7321
-5114
1225
-4108
5396
-4869
2873
-5745
4265
4977
6121
-4494
-6948
-6770
-2682
5654
3002
5064
-5523
-8093
-9555
1313
-7479
8998
-5741
1418
5957
7239
-3568
-3518
-5308
8430
-9609
-958
2390
-7458
-6940
2387
5464
-9390
-145
6250
-6051
4744
4152
-6539
-2444
-7317
-4963
7495
-2141
2622
5482
485
5774
2261
-8157
6671
-5969
-5827
2405
7039
-1189
-6931
1304
7586
-7802
4340
215
-8733
-2698
-7081
7187
-212
7865
9921
589
-1434
7184
9711
8964
-7061
8363
-2073
-7807
-5093
5957
8282
5046
-179
-4560
28
-6559
429
-9998
-8947
-7547
4028
231
8776
5541
4365
737
-57
281
-6257
-8625
6536
4361
-645
-4226
4152
748
-3971
432
-7782
9943
-7285
-784
8688
-7806
2882
-5455
-165
2639
-1189
-8458
-2319
2361
7352
-6548
7932
1645
-5752
-9858
6721
-7200
-8537
6894
528
7826
5761
6891
2235
5767
5686
2477
3272
-7631
3975
9767
9777
2197
938
-5249
-2240
-8570
812
3795
-4838
-5622
-797
6369
-464
-4558
1578
6628
3888
5331
2566
7746
-5743
-8168
-1637
-6529
5566
9377
8372
4355
8225
9313
-1202
-6400
-7705
-5276
261
9331
-3716
-7995
-540
4982
-5569
1876
4270
6606
9643
2634
7208
9345
-5150
728
9056
205
5237
5447
-9829
9804
7863
-9547
2539
4207
-427
8497
-1070
-625
-998
5669
-3318
9674
3402
9765
-8366
5505
-3553
8865
-1655
5074
-5003
6240
-5419
4530
-3926
1524
-3004
-7221
-6676
-5567
2960
-7259
-6271
-1250
-6114
-7663
4630
3742
-6956
9441
7456
7650
-2209
-464
-5957
-7268
-628
4438
99
5689
-6945
5538
7959
6458
-9476
9071
5183
3187
-8025
5444
8674
-9346
2146
-2070
-1101
2875
-4145
-8191
610
-8236
-782
2600
-3467
-5635
-6794
-5951
-156
-2126
5445
7527
4589
1607
3084
-6954
9911
-5482
-6069
2106
-8382
3681
-1673
-480
-2164
5211
9382
8576
-9093
6923
-4538
-2477
3152
-7490
8743
6740
8529
-9561
3912
-9851
7223
-1707
-7120
5057
-2525
-5178
8463
-4092
-7313
4222
8604
-7894
7967
4352
9157
370
4596
-4933
9958
6613
-251
-9782
-3677
-451
-6290
-3805
4358
7406
8584
-7459
-4413
-2573
4237
-2851
-3071
5277
2033
-6602
2384
-611
5944
-8843
5820
-5801
125
2503
-5730
-46
1393
8575
8637
6315
-9449
-1671
3186
2499
9002
-7879
-315
1775
6451
6766
2701
6820
9994
-6065
-3479
-172
4022
4705
-8747
-1410
3838
-2500
9382
4654
-7528
3593
-8900
4746
1732
1567
998
-9212
-5347
-9058
6712
-9044
3108
6355
-6313
-2713
-5681
5656
-4375
9876
2697
-7484
-4717
-2299
6839
5117
5286
6972
4645
9903
-6644
-322
8284
5536
906
-2967
-3282
-6024
-1855
-3706
6953
5435
5563
4361
-2585
44
-8806
-7384
7983
-5602
6291
5714
3240
4557
2745
675
8969
-7076
-6120
5061
816
7615
-4100
-3700
6381
3842
5407
9567
3639
-5387
1663
-886
-9175
-5756
-9559
7032
5822
4931
4177
-4436
9753
662
-4700
6530
-2903
-1459
8955
5400
3655
2906
-7580
-2612
-153
6955
-7471
1393
-694
8427
-4526
2595
9051
1993
-1063
-5404
-8660
-847
-349
-2841
-9458
1853
6578
4591
-2572
-9009
-3244
-6861
4179
1836
1655
8375
4315
-9650
4513
1312
-8970
-8820
3627
6744
-8774
-43
5822
-2576
-119
-9656
-7758
-4069
-639
-6704
-2683
-1194
2096
-1373
-9174
550
-285
1828
3419
-3942
-5883
-6752
5246
2900
7725
4083
5733
-6107
3096
9673
-9332
7167
-2966
4728
-8964
-2740
6398
7211
-2
-4272
-857
-8244
6535
5897
-2664
3664
7495
8517
1860
-8392
8293
-7359
-8642
-906
3072
1267
-1701
-9308
-665
4399
-9889
-1606
6520
332
-953
6044
-3223
3246
4303
263
-2527
-4333
-8480
-70
-1162
1801
4311
-5514
4747
3386
-7298
-1115
-7969
5606
-9607
2708
-6336
2240
-7915
5546
2936
3848
-6671
7264
5084
170
1859
180
-5420
-1372
-7199
-9459
-7927
1138
-9191
3000
-1989
-5228
1184
-2421
-7947
2792
-1713
7259
3846
8837
1705
-437
4921
-9109
-4170
-36
-5727
-7375
996
-7973
-5444
-739
-4246
6945
-2492
-1586
-9596
-3184
4533
4698
7556
5637
2515
-3353
1903
6657
-2791
8554
-9215
918
6833
7541
-7464
9158
8846
9454
3326
-8374
4463
-5665
8744
-3547
847
-7894
-6501
5945
8363
-9005
-574
1849
2766
-6601
522
1704
-350
8771
-8956
1934
-9334
9309
-8225
-2433
427
8645
-6720
-4818
414
4441
6542
1107
-291
-7844
-5067
-3611
2458
-9782
-7760
6408
-1562
2484
-6940
-6403
3748
5315
-9597
-2172
5494
-1216
-5750
-4361
-2745
-1512
-665
-1065
-9738
-2302
-1381
7476
2899
-7687
-4429
-8453
-2873
9927
1102
9110
-8761
-6632
5224
401
4702
9850
-5138
276
-4209
3364
1037
-1719
7836
6154
-3697
-7829
736
4463
5313
-177
4953
3473
2008
-8279
-4316
5340
-3568
3923
4237
-6632
-7187
799
237
1645
3537
6172
6293
9091
2774
-6015
-3347
1384
1111
1872
-5539
432
-5513
-6447
2873
-1897
3542
-2538
-1370
9270
-2501
1315
-7729
9438
1388
-891
1480
2740
188
-7265
-7628
-583
4922
-5413
-918
-2607
-5280
-6520
-9589
2006
8889
5602
8196
-2553
-7199
171
-479
-2590
3062
2088
-6514
-2064
-9175
8357
6107
7241
338
9942
-1663
2054
-9763
4216
6451
6543
-3244
6087
-2572
-2630
6609
-885
1574
-3319
-975
3942
9215
-4184
7052
-2565
-8756
-4319
4447
-7441
4806
-9607
1452
-8092
-4991
6429
1045
3040
-5155
1086
-7719
9428
-1312
-6637
6239
-6337
-8970
-3253
3880
5093
-4982
-6652
1419
-4718
9312
2769
4374
8956
7538
4700
-7333
273
-3490
2787
1597
-7354
2046
9323
5453
-7550
-2441
3775
-275
-4125
-7981
-2471
-9967
9556
9249
5483
4695
-1713
-8852
6661
2879
-1768
-668
3873
-9228
2335
-6448
-8508
7965
2202
2760
116
4339
-3706
-1668
9358
5024
9197
8159
5252
5905
4010
-2933
2632
-4980
-7212
5580
5480
9891
-2450
5638
1881
-5586
6021
-4774
-6136
-8454
5605
-1660
3566
6007
8034
-7093
-1487
5209
8910
9073
3452
7291
3971
-9416
5286
640
4804
7296
3374
-5377
7694
8069
-6007
612
2198
1310
-3567
9897
5301
-6402
4725
3427
-3032
-3112
-6844
8235
8924
3433
-1780
-9230
9438
-718
3002
5299
-277
6905
-4708
3251
7332
-9820
7351
-6148
-4872
3433
6261
-3632
-2302
-127
1850
3088
2560
-5753
-690
491
7188
-4158
2180
-5220
2527
-8498
-5674
-1772
3393
-280
3305
-980
-6919
-8347
-8584
4796
-8156
-1093
-3195
-8893
-1253
4661
3308
5578
-6958
616
6765
-3860
9896
-6096
-8103
-545
-3457
7526
7843
2262
6583
-1023
1397
3337
-7200
-670
3286
9882
-9001
9760
9147
6114
-5038
9098
5359
1261
1688
-1018
-63
-8959
9734
-1700
-7691
1966
5077
-5582
-2485
-4981
-4203
-4831
5894
-2679
-5159
1302
-7359
1974
-1110
5158
-2212
-4824
-8107
-7486
-8356
-6641
8918
472
-9115
626
-1643
-9059
-1582
-3390
3643
-8653
6873
-8017
-4332
9356
4688
-3230
-4884
-4774
2582
1740
7813
-7826
7754
-8356
-9419
8104
3700
-4
6818
-9468
-9872
8140
-7594
-4885
4881
2410
-5012
6471
-1154
-8983
2690
-2497
9543
4753
5541
-3148
4568
-5073
6102
3623
5756
-9633
6174
4425
-1195
-1311
-1464
2501
7688
5152
566
-8976
375
-9516
7950
8907
9596
1922
198
-8853
1454
-845
-101
-3701
152
-3178
-7677
-8036
-4381
8844
-8076
-8986
-7000
-4102
-1856
5891
-5340
-8543
6126
-5593
40
7489
-40
5505
444
-7054
-471
-8203
2487
6343
9142
7589
662
5732
2185
-5628
-2284
7052
-5822
-646
-10000
7960
-8727
1112
-5048
-229
7100
-3240
-5248
4058
-5783
-5853
9171
-137
-5396
-8609
2140
974
4643
-2725
-1184
-5718
5480
-1843
9193
-7679
-6257
-5650
8303
340
7350
1655
638
1847
9364
-3535
2058
4661
8984
2284
-848
3232
-7555
-5106
-4631
6997
-8906
-6852
9543
1077
9467
-3758
-7398
-1110
-244
-5743
-1126
4028
1333
9106
-8329
-5158
-6586
640
5348
4377
4468
6384
-8093
-825
-3365
-625
-1041
-4055
-8738
-7003
-5629
-1843
4194
-1752
-1978
8784
455
6078
9642
732
-3264
4058
1599
2437
763
7152
6997
534
-9132
-8762
5738
-7797
9322
7676
-4863
-9767
6473
9481
3544
-5092
-608
4666
1926
-2810
-6893
861
-8513
4934
2892
6351
-8529
8666
7725
36
4474
2508
-48
-2745
1326
1206
2873
9110
-501
-2223
-1658
-8247
8264
-9648
3754
2739
-8831
303
9313
8362
7423
3713
6768
-5839
-3566
4932
7049
2482
-5083
-3412
8045
9972
-8289
5985
6344
-5263
-2612
7714
-1019
396
6399
8350
6814
5741
-1232
3617
-6060
1421
1563
176
6423
4424
597
4877
-3711
-2329
-6499
-7491
4805
-7338
-7626
-9048
-8186
5230
2388
3881
2669
-4157
3026
4021
-3524
1454
-4663
6762
4283
5661
5883
346
-5835
8274
-1966
-8453
-2214
5874
2875
-631
-4657
5967
-1661
3102
5357
-9706
5074
-7163
-4457
-4691
-6124
-6400
-3817
-8531
7319
2613
4011
6406
4332
8603
-38
-1099
-110
-2165
-9044
1136
-4275
-9619
8399
-5214
-1716
3034
7832
-8033
5787
-7039
-3087
4473
4403
-8274
-7648
-3257
-8833
8576
9286
-7932
2425
6610
3205
3300
8982
-9245
5073
-4475
485
7923
2145
577
5461
7798
317
-1540
6652
-9167
-6108
3389
8976
6248
1673
-2300
-9805
-840
5943
1333
483
6497
-7176
4797
-3746
1835
5120
-9659
1150
190
-2065
9072
7384
9334
-322
5232
-8330
1755
7358
3531
-3101
-1565
3973
5654
5650
1626
6550
-5328
3310
-8796
-948
-1598
8944
-2951